3000.000000 50.000000 100.000000 120.000000 4803.000000 
3000.000000 30.000000 120.000000 160.000000 3500.000000 
3000.000000 40.000000 100.000000 150.000000 2000.000000 
3000.000000 45.000000 120.000000 170.000000 1000.000000 
3000.000000 45.000000 140.000000 150.000000 1000.000000 
6000.000000 30.000000 100.000000 200.000000 500.000000 
3000.000000 40.000000 100.000000 170.000000 500.000000 
3000.000000 35.000000 90.000000 150.000000 500.000000 
3000.000000 45.000000 100.000000 145.000000 500.000000 
3000.000000 35.000000 90.000000 160.000000 1000.000000 
3000.000000 40.000000 100.000000 150.000000 2000.000000 
3000.000000 40.000000 120.000000 110.000000 4000.000000 
